001
010
011
100
101
110
111
000
000
000
001
010
011
100
101
110
111
001
010
011
100
101
110
111
000
000
000
001
010
011
100
101
110
111
001
010
011
100
101
110
111
000
000
000
001
010
011
100
101
110
111
001
010
011
100
101
110
111
000
000
000
001
010
011
100
101
110
111
001
010
011
100
101
110
111
000
000
000
001
010
011
100
101
110
001
010
011
100
101
110
111
000
000
000
001
010
011
100
101
110
001
010
011
100
101
110
111
000
000
000
001
010
011
100
101
110
111
001
010
011
100
101
110
111
000
000
000
001
010
011
100
101
110
111
111
111